x	origin	mnk2	mnk3	mnk4	neutonP	lagrangeP
-1	1	2.294117647058819	0.999999999999893	0.9999999999999953	1	1
-0.9	*	2.265553857906794	1.6179978354977569	1.4871387212173224	1.6179978354978353	1.6179978354978348
-0.8	*	2.237769289533991	2.2155844155843645	1.9614531946542075	2.2155844155844155	2.215584415584415
-0.7000000000000001	*	2.2107639419404084	2.7929978354978116	2.422975058426653	2.792997835497835	2.792997835497835
-0.6000000000000001	*	2.184537815126046	3.3504761904761926	2.8717382834994987	3.35047619047619	3.35047619047619
-0.5000000000000001	*	2.159090909090905	3.8882575757576032	3.3077791736864204	3.8882575757575752	3.8882575757575757
-0.40000000000000013	*	2.1344232238349847	4.406580086580138	3.7311363656499323	4.406580086580085	4.406580086580085
-0.30000000000000016	*	2.110534759358285	4.905681818181893	4.141850828901386	4.905681818181817	4.905681818181817
-0.20000000000000015	*	2.087425515660806	5.385800865800963	4.539965865800968	5.3858008658008645	5.385800865800865
-0.10000000000000014	*	2.065095492742548	5.847175324675444	4.925527111557707	5.847175324675325	5.847175324675324
-1.3877787807814457e-16	*	2.0435446906035106	6.29004329004343	5.298582534229461	6.290043290043289	6.29004329004329
0.09999999999999987	*	2.0227731092436945	6.7146428571430175	5.6591824347229345	6.714642857142856	6.714642857142857
0.19999999999999987	*	2.002780748663098	7.121212121212301	6.007379446793662	7.121212121212121	7.121212121212121
0.2999999999999999	*	1.9835676088617233	7.509989177489376	6.343228537046019	7.509989177489177	7.509989177489177
0.3999999999999999	*	1.965133689839569	7.8812121212123385	6.666787004933216	7.881212121212121	7.881212121212122
0.4999999999999999	*	1.9474789915966357	8.23511904761928	6.978114482757303	8.235119047619047	8.235119047619047
0.5999999999999999	*	1.9306035141329232	8.5719480519483	7.277272935669165	8.571948051948052	8.571948051948052
0.6999999999999998	*	1.9145072574484312	8.891937229437495	7.564326661668524	8.891937229437229	8.891937229437229
0.7999999999999998	*	1.89919022154316	9.195324675324954	7.839342291603942	9.195324675324674	9.195324675324676
0.8999999999999998	*	1.88465240641711	9.482348484848778	8.102388789172817	9.482348484848487	9.482348484848485
0.9999999999999998	*	1.8708938120702803	9.753246753247058	8.353537450921383	9.753246753246751	9.753246753246753
1.0999999999999999	*	1.8579144385026716	10.008257575757895	8.592861906244712	10.008257575757575	10.008257575757575
1.2	*	1.8457142857142834	10.247619047619377	8.820438117386713	10.247619047619049	10.247619047619049
1.3	*	1.8342933537051163	10.471569264069608	9.036344379440134	10.471569264069263	10.471569264069263
1.4000000000000001	*	1.8236516424751696	10.680346320346674	9.240661320346558	10.68034632034632	10.68034632034632
1.5000000000000002	*	1.813789152024444	10.874188311688673	9.433471900896404	10.874188311688311	10.874188311688311
1.6000000000000003	*	1.8047058823529394	11.053333333333704	9.61486141472893	11.053333333333335	11.053333333333335
1.7000000000000004	*	1.7964018334606553	11.21801948051986	9.784917488332232	11.21801948051948	11.218019480519482
1.8000000000000005	*	1.7888770053475918	11.368484848485236	9.943730081043244	11.368484848484849	11.368484848484849
1.9000000000000006	*	1.7821313980137492	11.504967532467928	10.091391485047733	11.504967532467532	11.504967532467532
2.0000000000000004	*	1.7761650114591274	11.627705627706028	10.227996325380307	11.627705627705627	11.627705627705629
2.1000000000000005	*	1.7709778456837266	11.736937229437634	10.353641559924412	11.73693722943723	11.736937229437231
2.2000000000000006	*	1.7665699006875464	11.832900432900848	10.468426479412328	11.832900432900434	11.832900432900434
2.3000000000000007	*	1.762941176470587	11.91583333333375	10.572452707425171	11.915833333333335	11.915833333333333
2.400000000000001	*	1.7600916730328482	11.985974025974446	10.665824200392901	11.985974025974027	11.985974025974027
2.500000000000001	*	1.7580213903743305	12.04356060606103	10.748647247594308	12.043560606060607	12.043560606060606
2.600000000000001	*	1.7567303284950335	12.088831168831593	10.821030471157023	12.088831168831168	12.088831168831168
2.700000000000001	*	1.756218487394957	12.122023809524238	10.883084826057514	12.12202380952381	12.12202380952381
2.800000000000001	*	1.7564858670741015	12.143376623377055	10.934923600121085	12.143376623376625	12.143376623376625
2.9000000000000012	*	1.7575324675324668	12.153127705628137	10.976662414021876	12.153127705627705	12.153127705627705
3.0000000000000013	*	1.7593582887700527	12.151515151515584	11.00841922128287	12.151515151515152	12.151515151515152
3.1000000000000014	*	1.7619633307868598	12.138777056277489	11.03031430827588	12.138777056277057	12.138777056277057
3.2000000000000015	*	1.765347593582887	12.115151515151945	11.042470294221559	12.115151515151513	12.115151515151513
3.3000000000000016	*	1.7695110771581357	12.080876623377053	11.045012131189399	12.080876623376623	12.080876623376625
3.4000000000000017	*	1.7744537815126047	12.036190476190905	11.038067104097724	12.036190476190475	12.036190476190473
3.5000000000000018	*	1.7801757066462947	11.981331168831597	11.02176483071371	11.981331168831169	11.981331168831169
3.600000000000002	*	1.7866768525592054	11.916536796537219	10.996237261653349	11.916536796536793	11.916536796536796
3.700000000000002	*	1.7939572192513369	11.842045454545879	10.96161868038148	11.842045454545453	11.842045454545453
3.800000000000002	*	1.8020168067226892	11.758095238095656	10.918045703211785	11.758095238095237	11.758095238095237
3.900000000000002	*	1.810855614973262	11.664924242424656	10.865657279306774	11.664924242424242	11.66492424242424
4.000000000000002	*	1.820473644003056	11.562770562770973	10.804594690677803	11.562770562770561	11.56277056277056
4.100000000000001	*	1.8308708938120706	11.4518722943727	10.735001552185054	11.451872294372293	11.45187229437229
4.200000000000001	*	1.842047364400306	11.332467532467936	10.657023811537558	11.332467532467533	11.332467532467534
4.300000000000001	*	1.854003055767762	11.20479437229477	10.570809749293172	11.204794372294373	11.204794372294371
4.4	*	1.8667379679144387	11.069090909091305	10.476509978858605	11.06909090909091	11.06909090909091
4.5	*	1.8802521008403366	10.925595238095624	10.374277446489382	10.925595238095239	10.925595238095237
4.6	*	1.894545454545455	10.774545454545834	10.26426743128989	10.774545454545455	10.774545454545457
4.699999999999999	*	1.9096180290297942	10.616179653680026	10.146637545213325	10.616179653679653	10.616179653679655
4.799999999999999	*	1.9254698242933541	10.4507359307363	10.021547733061754	10.45073593073593	10.45073593073593
4.899999999999999	*	1.9421008403361348	10.278452380952743	9.889160272486043	10.278452380952382	10.278452380952382
4.999999999999998	*	1.9595110771581363	10.099567099567453	9.749639773985937	10.099567099567102	10.099567099567102
5.099999999999998	*	1.9777005347593586	9.914318181818526	9.603153180909977	9.914318181818185	9.914318181818189
5.1999999999999975	*	1.9966692131398016	9.722943722944061	9.449869769455576	9.722943722943729	9.722943722943725
5.299999999999997	*	2.0164171122994654	9.525681818182148	9.289961148668954	9.525681818181823	9.525681818181821
5.399999999999997	*	2.0369442322383504	9.322770562770884	9.123601260445199	9.32277056277057	9.322770562770568
5.4999999999999964	*	2.0582505729564553	9.114448051948369	8.950966379528202	9.11444805194806	9.114448051948063
5.599999999999996	*	2.0803361344537814	8.900952380952688	8.772235113510726	8.90095238095239	8.900952380952392
5.699999999999996	*	2.1032009167303283	8.68252164502194	8.587588402834344	8.682521645021653	8.682521645021655
5.799999999999995	*	2.1268449197860964	8.459393939394227	8.397209520789486	8.45939393939395	8.459393939393957
5.899999999999995	*	2.1512681436210843	8.231807359307638	8.201284073515401	8.231807359307371	8.231807359307378
5.999999999999995	8	2.176470588235294	8.000000000000266	8.000000000000187	8.000000000000012	8.000000000000016
6.099999999999994	*	2.202452253628724	7.764209956710214	7.793547572080775	7.76420995670997	7.764209956709972
6.199999999999994	*	2.2292131398013746	7.52467532467557	7.582119394442944	7.524675324675339	7.524675324675338
6.299999999999994	*	2.256753246753246	7.281634199134439	7.365910404621287	7.281634199134215	7.281634199134211
6.399999999999993	*	2.2850725744843388	7.035324675324901	7.1451178729992595	7.035324675324693	7.0353246753246905
6.499999999999993	*	2.3141711229946518	6.7859848484850644	6.919941402809134	6.785984848484867	6.785984848484865
6.5999999999999925	*	2.3440488922841856	6.533852813853024	6.690582930132038	6.533852813852833	6.533852813852834
6.699999999999992	*	2.37470588235294	6.2791666666668675	6.457246723897926	6.279166666666687	6.27916666666669
6.799999999999992	*	2.4061420932009154	6.022164502164694	6.220139385885577	6.022164502164523	6.022164502164524
6.8999999999999915	*	2.4383575248281115	5.763084415584586	5.979469850722639	5.763084415584436	5.763084415584433
6.999999999999991	*	2.471352177234529	5.502164502164661	5.735449385885564	5.502164502164526	5.502164502164523
7.099999999999991	*	2.5051260504201665	5.239642857143011	5.488291591699675	5.239642857142882	5.239642857142886
7.19999999999999	*	2.5396791443850253	4.975757575757715	5.238212401339091	4.975757575757602	4.975757575757598
7.29999999999999	*	2.5750114591291045	4.710746753246886	4.985430080826809	4.710746753246781	4.71074675324677
7.39999999999999	*	2.6111229946524044	4.4448484848486025	4.7301652290346405	4.444848484848512	4.444848484848504
7.499999999999989	*	2.648013750954925	4.178300865800967	4.472640777683237	4.178300865800894	4.178300865800892
7.599999999999989	*	2.6856837280366666	3.911341991342084	4.213081991342091	3.911341991342021	3.9113419913420246
7.699999999999989	*	2.724132925897629	3.6442099567100428	3.9517164674295278	3.6442099567099877	3.644209956709983
7.799999999999988	*	2.7633613445378122	3.3771428571429247	3.6887741362127087	3.3771428571428883	3.3771428571428896
7.899999999999988	*	2.803368983957216	3.1103787878788403	3.424487260807647	3.11037878787882	3.1103787878788145
7.999999999999988	*	2.844155844155841	2.844155844155889	3.159090437179169	2.8441558441558774	2.8441558441558756
8.099999999999987	*	2.8857219251336863	2.5787121212121598	2.8928205941409715	2.5787121212121553	2.578712121212159
8.199999999999987	*	2.928067226890752	2.314285714285738	2.6259169933555437	2.3142857142857487	2.3142857142857554
8.299999999999986	*	2.9711917494270397	2.051114718614734	2.358621229334255	2.0511147186147545	2.051114718614751
8.399999999999986	*	3.015095492742547	1.789437229437226	2.091177229437279	1.7894372294372651	1.7894372294372634
8.499999999999986	*	3.0597784568372757	1.5294913419913314	1.8238312538736512	1.5294913419913776	1.5294913419913787
8.599999999999985	*	3.105240641711225	1.2715151515151142	1.5568318957012313	1.2715151515151888	1.2715151515151881
8.699999999999985	*	3.1514820473643956	1.015746753246706	1.2904300808267264	1.0157467532467912	1.0157467532467879
8.799999999999985	*	3.198502673796786	0.7624242424241992	1.02487906800566	0.7624242424242791	0.76242424242428
8.899999999999984	*	3.246302521008398	0.5117857142856472	0.7604344488424157	0.5117857142857538	0.5117857142857504
8.999999999999984	*	3.2948815889992304	0.26406926406918885	0.49735414779020193	0.2640692640693043	0.2640692640693061
9.099999999999984	*	3.344239877769283	0.019512987012891614	0.2358984221510756	0.019512987013026617	0.0195129870130225
9.199999999999983	*	3.394377387318557	-0.22164502164513067	-0.02367013792409356	-0.22164502164497968	-0.2216450216449723
9.299999999999983	*	3.4452941176470517	-0.4591666666667784	-0.28108660943556885	-0.45916666666662387	-0.4591666666666291
9.399999999999983	*	3.4969900687547675	-0.692813852813984	-0.5360837365348035	-0.6928138528138117	-0.6928138528138146
9.499999999999982	*	3.5494652406417035	-0.9223484848486265	-0.7883919305243765	-0.9223484848484436	-0.9223484848484376
9.599999999999982	*	3.6027196333078613	-1.1475324675326206	-1.037739269858081	-1.1475324675324252	-1.147532467532433
9.699999999999982	*	3.656753246753239	-1.3681277056278631	-1.2838515001408233	-1.3681277056276642	-1.368127705627673
9.799999999999981	*	3.7115660809778372	-1.5838961038962722	-1.5264520341287096	-1.5838961038960626	-1.583896103896061
9.89999999999998	*	3.7671581359816564	-1.794599567099759	-1.7652619517289736	-1.7945995670995245	-1.7945995670995216
9.99999999999998	-2	3.823529411764697	-2.000000000000192	-2.0000000000000515	-1.9999999999999574	-1.9999999999999685
10.09999999999998	*	3.8806799083269574	-2.1998593073595174	-2.2303825931515178	-2.199859307359267	-2.1998593073592634
10.19999999999998	*	3.9386096256684384	-2.393939393939604	-2.4561238125441065	-2.3939393939393536	-2.3939393939393416
10.29999999999998	*	3.997318563789142	-2.5820021645023985	-2.6769354066897346	-2.582002164502125	-2.5820021645021374
10.399999999999979	*	4.056806722689065	-2.763809523809762	-2.8925267912514574	-2.763809523809485	-2.7638095238094866
10.499999999999979	*	4.117074102368209	-2.939123376623634	-3.1026050490435306	-2.9391233766233373	-2.9391233766233453
10.599999999999978	*	4.178120702826574	-3.10770562770589	-3.3068749300312934	-3.1077056277055917	-3.1077056277056005
10.699999999999978	*	4.239946524064159	-3.2693181818184556	-3.50503885133136	-3.2693181818181465	-3.269318181818136
10.799999999999978	*	4.302551566080966	-3.4237229437232273	-3.6967968972114136	-3.4237229437229093	-3.423722943722906
10.899999999999977	*	4.365935828876993	-3.570681818182109	-3.88184681909037	-3.5706818181817823	-3.5706818181817948
10.999999999999977	*	4.43009931245224	-3.7099567099570123	-4.059884035538214	-3.7099567099566784	-3.709956709956689
11.099999999999977	*	4.49504201680671	-3.8413095238098407	-4.230601632276221	-3.8413095238094925	-3.841309523809487
11.199999999999976	*	4.560763941940398	-3.964502164502484	-4.393690362176708	-3.9645021645021323	-3.9645021645021563
11.299999999999976	*	4.627265087853308	-4.079296536796868	-4.548838645263238	-4.079296536796507	-4.079296536796504
11.399999999999975	*	4.694545454545439	-4.185454545454881	-4.695732568710497	-4.185454545454517	-4.18545454545452
11.499999999999975	*	4.7626050420167925	-4.282738095238436	-4.834055886844354	-4.28273809523807	-4.282738095238064
11.599999999999975	*	4.831443850267364	-4.37090909090945	-4.963490021141794	-4.370909090909068	-4.370909090909061
11.699999999999974	*	4.901061879297156	-4.4497294372297915	-5.08371406023106	-4.449729437229417	-4.449729437229414
11.799999999999974	*	4.9714591291061705	-4.518961038961407	-5.194404759891434	-4.518961038961022	-4.5189610389610175
11.899999999999974	*	5.042635599694407	-4.578365800866166	-5.295236543053473	-4.578365800865784	-4.578365800865783
11.999999999999973	*	5.114591291061862	-4.627705627706021	-5.385881499798835	-4.627705627705616	-4.627705627705628
12.099999999999973	*	5.187326203208537	-4.666742424242827	-5.466009387360334	-4.666742424242413	-4.666742424242411
12.199999999999973	*	5.260840336134435	-4.695238095238494	-5.535287630121999	-4.695238095238089	-4.695238095238079
12.299999999999972	*	5.335133689839553	-4.712954545454977	-5.593381319618981	-4.71295454545454	-4.712954545454555
12.399999999999972	*	5.410206264323892	-4.719653679654101	-5.639953214537606	-4.71965367965368	-4.719653679653681
12.499999999999972	*	5.486058059587451	-4.71509740259782	-5.674663740715339	-4.715097402597404	-4.715097402597413
12.599999999999971	*	5.562689075630232	-4.699047619048059	-5.697170991140858	-4.699047619047628	-4.699047619047633
12.69999999999997	*	5.640099312452232	-4.671266233766687	-5.707130725953952	-4.671266233766241	-4.671266233766244
12.79999999999997	*	5.718288770053453	-4.631515151515586	-5.704196372445601	-4.631515151515165	-4.631515151515162
12.89999999999997	*	5.797257448433896	-4.579556277056724	-5.688019025057947	-4.579556277056293	-4.579556277056297
12.99999999999997	*	5.87700534759356	-4.515151515151956	-5.658247445384305	-4.515151515151537	-4.515151515151516
13.09999999999997	*	5.9575324675324435	-4.438062770563235	-5.614528062169114	-4.438062770562793	-4.438062770562791
13.199999999999969	*	6.038838808250549	-4.348051948052429	-5.556504971308005	-4.348051948051978	-4.348051948051986
13.299999999999969	*	6.120924369747874	-4.2448809523813935	-5.483819935847766	-4.244880952380983	-4.244880952380983
13.399999999999968	*	6.203789152024421	-4.128311688312166	-5.396112385986356	-4.128311688311728	-4.128311688311717
13.499999999999968	*	6.287433155080189	-3.9981060606065313	-5.293019419072898	-3.9981060606061067	-3.998106060606113
13.599999999999968	*	6.371856378915176	-3.85402597402647	-5.174175799607639	-3.8540259740260243	-3.854025974026032
13.699999999999967	*	6.457058823529385	-3.695833333333809	-5.0392139592420335	-3.695833333333386	-3.695833333333388
13.799999999999967	*	6.543040488922815	-3.5232900432905154	-4.887763996778688	-3.5232900432901033	-3.5232900432901157
13.899999999999967	*	6.6298013750954645	-3.3361580086584866	-4.7194536781713765	-3.3361580086580744	-3.336158008658067
13.999999999999966	*	6.7173414820473365	-3.1341991341995907	-4.533908436525003	-3.1341991341992053	-3.1341991341991973
14.099999999999966	*	6.805660809778427	-2.9171753246758243	-4.330751372095676	-2.9171753246753998	-2.9171753246753993
14.199999999999966	*	6.89475935828874	-2.6848484848489846	-4.109603252290633	-2.6848484848485654	-2.6848484848485668
14.299999999999965	*	6.984637127578274	-2.436980519480983	-3.870082511668322	-2.436980519480608	-2.4369805194806027
14.399999999999965	*	7.0752941176470285	-2.173333333333815	-3.611805251938293	-2.1733333333334297	-2.1733333333334315
14.499999999999964	*	7.166730328495003	-1.8936688311693075	-3.3343852419613	-1.8936688311689345	-1.8936688311689467
14.599999999999964	*	7.258945760122199	-1.5977489177493993	-3.037433917749233	-1.5977489177490263	-1.5977489177490198
14.699999999999964	*	7.351940412528614	-1.2853354978359448	-2.720560382465173	-1.2853354978356162	-1.285335497835628
14.799999999999963	*	7.445714285714251	-0.9561904761909545	-2.3833714064233575	-0.9561904761905993	-0.9561904761906014
14.899999999999963	*	7.5402673796791095	-0.6100757575762259	-2.0254714270891725	-0.6100757575758884	-0.6100757575759167
14.999999999999963	*	7.63559969442319	-0.246753246753741	-1.6464625490791533	-0.2467532467533875	-0.24675324675338325
15.099999999999962	*	7.731711229946487	0.13401515151468857	-1.2459445441610697	0.13401515151500476	0.13401515151498017
15.199999999999962	*	7.828601986249009	0.5324675324670807	-0.8235148512537407	0.5324675324673809	0.532467532467354
15.299999999999962	*	7.92627196333075	0.9488419913415385	-0.37876857642724815	0.9488419913418262	0.9488419913418137
15.399999999999961	*	8.02472116119171	1.383376623376165	0.08870150709720548	1.3833766233764528	1.3833766233764453
15.499999999999961	*	8.123949579831894	1.8363095238090636	0.5793049589472545	1.8363095238093425	1.8363095238093767
15.59999999999996	*	8.223957219251297	2.3078787878783658	1.0934536715993417	2.3078787878786002	2.307878787878589
15.69999999999996	*	8.324744079449921	2.7983225108220893	1.6315618703788388	2.7983225108223113	2.7983225108222944
15.79999999999996	*	8.426310160427766	3.3078787878783373	2.1940461134598053	3.3078787878785807	3.3078787878785576
15.89999999999996	*	8.528655462184833	3.8367857142852984	2.7813252918652793	3.8367857142854973	3.8367857142855066
15.99999999999996	*	8.631779984721117	4.385281385280962	3.393820629467072	4.385281385281159	4.385281385281144
16.09999999999996	*	8.735683728036625	4.953603896103516	4.031955682985803	4.953603896103658	4.95360389610368
16.19999999999996	*	8.840366692131356	5.541991341990979	4.696156341990985	5.541991341991106	5.541991341991109
16.29999999999996	*	8.945828877005306	6.150681818181454	5.386850828900926	6.15068181818158	6.150681818181577
16.399999999999963	*	9.052070282658478	6.779913419913129	6.1044696989828395	6.779913419913184	6.779913419913194
16.499999999999964	*	9.15909090909087	7.429924242423937	6.849445840352686	7.4299242424240095	7.429924242424022
16.599999999999966	*	9.266890756302484	8.100952380952123	7.622214473975333	8.100952380952148	8.10095238095216
16.699999999999967	*	9.375469824293317	8.793235930735676	8.423213153664392	8.793235930735703	8.793235930735712
16.79999999999997	*	9.484828113063372	9.507012987012757	9.252881766082467	9.50701298701276	9.507012987012779
16.89999999999997	*	9.594965622612648	10.24252164502147	10.11166253074083	10.242521645021423	10.242521645021421
16.99999999999997	11	9.705882352941144	10.99999999999983	10.99999999999973	10.999999999999782	10.99999999999979
