10
8.46402400747606
6.950301360032864
5.481085402751153
4.078629480711667
2.765186938995152
1.56301112268235
0.4943553768540001
-0.41852695340915114
-1.1533825230263632
-1.6879579869168952
-2.0000000000000018
-2.0754224719499192
-1.9328083314607862
-1.5989077619817202
-1.1004709469618361
-0.4642480698502507
0.2830106859039202
1.1145551368515596
2.0036350995435517
2.9235003905307817
3.847400826364132
4.74858622359449
5.600306398772728
6.375811168449745
7.048350349176419
7.591173757503633
7.977531209982271
8.180672523163214
8.173847513597352
7.930305997835568
7.423297792428741
6.626072713927769
5.511880578883506
4.053971203846871
2.2255944053687244
-3.781828085450267e-14
-2.563355133044046
-5.060185863889977
-7.000000000000023
-7.999107749362663
-8.101028922071496
-7.456085728746385
-6.214600380007203
-4.5268950864738216
-2.5432920587661103
-0.41411350750394327
1.710318356692822
3.6796813232042958
5.343653181410627
6.551911720691926
7.154134730428339
6.999999999999987
6.022203855797476
4.4855167722532805
2.7377277608103405
1.1266258329115937
-2.9928210871025116e-14
-0.710915398414794
