1
1.023869288917824
1.0654587085098344
1.0380996633736832
1.0893885985456992
1.072867456804545
1.0938476510461577
1.1149627107659332
1.1363861461821052
1.1580948907830344
1.180087885093043
1.2023638632505027
1.2249213488666433
1.2477586511061847
1.2708738610072698
1.2942648480581218
1.3179292570477708
1.3418645052080143
1.3660677796635214
1.3905360352066662
1.4152659924132451
1.4402541361147447
1.465496714242227
1.490989737056223
1.5167289767762626
1.5427099676228144
1.5689280062834627
1.5953781528141282
1.6220552319850239
1.648953835079841
1.676068322155396
1.7033928247676202
1.7309212491683537
1.7586472799759334
1.786564384321021
1.8146658164675276
1.8429446229068547
1.8713936479219995
1.9000055396163704
1.92877275640043
1.9576875739275568
1.9867420924687695
2.0159282447142384
2.0452378039877845
2.0746623928588903
2.104193492135099
2.1338224502160643
2.1635404927889925
2.193338732843724
2.2232081809843085
2.2531397560126196
2.283124295758329
2.313152568128452
2.3432152823486607
2.3733031003676865
2.4034066483953604
2.4335165285442035
2.4636233305439887
2.4937176434983144
2.523790067652023
2.553831226138206
2.5838317766735845
2.613782423171287
2.6436739272403575
2.6734971195418242
2.703242910971772
2.7329023036426143
2.76246640163463
2.7919264214908277
2.821273702429316
2.8504997162485703
2.879596076902293
2.908554549721998
2.9373670602669066
2.9660257027823183
2.994522748249237
3.0228506520097076
3.051002060954026
3.0789698202577394
3.1067469796581104
3.1343267992615074
3.1617027548749426
3.188868542856769
3.215818084483274
3.24254552982965
3.2690452611654908
3.295311895866607
3.321340288846546
3.3471255345127293
3.3726629682535676
3.3979481674643366
3.4229769521208784
3.4477453849114448
3.4722497709381566
3.4964866570005873
3.520452830474987
3.544145317803513
3.567561382608649
3.59069852344867
3.613554471230628
3.636127186297847
3.6584148552093247
3.680415887228791
3.7021289105414112
3.723552768216293
3.744686513933035
3.7655294074905714
3.7860809101165027
3.80634067959496
3.826308565230869
3.845984602668206
3.8653690085795325
3.88446217524373
3.9032646650284373
3.9217772047932455
3.9400006802292014
3.9579361301496623
3.9755847407469584
3.9929478398287763
4.010026891047545
4.026823488135491
4.043339349157426
4.059576310792648
4.075536322656719
4.091221441673226
4.106633826504987
4.121775732053502
4.136649504034834
4.151257573639452
4.16560245228297
4.1796867264540865
4.193513052665437
4.207084152512525
4.220402807845306
4.233471856056433
4.246294185489745
4.258872730971954
4.271210469470108
4.2833104158768815
4.295175618925348
4.306809157234453
4.318214135486019
4.329393680733737
4.340350938844274
4.351089071070257
4.361611250754645
4.371920660165653
4.382020487461186
4.391913923781469
4.401604160468339
4.411094386409467
4.420387785505594
4.429487534258681
4.438396799478767
4.447118736107134
4.455656485153309
4.464013171743298
4.472191903276413
4.480195767687873
4.4880278318144295
4.495691139860103
4.503188711959147
4.510523542833306
4.517698600540398
4.52471682531128
4.531581128472214
4.53829439144969
4.544859464854756
4.551279167643937
4.55755628635384
4.563693574406595
4.569693751483291
4.5755595029626255
4.581293479422055
4.586898296198705
4.592376533007464
4.597730733613629
4.6029634055576105
4.608077019929228
4.613074011189179
4.617956777035361
4.622727678311761
4.627389038957702
4.631943145995308
4.6363922495531
4.640738562923701
4.644984262653738
4.649131488664002
4.653182344398105
4.6571388969978305
4.661003177503537
4.6647771810779375
4.668462867251737
4.672062160189589
4.675576948974949
4.679009087912438
4.682360396846374
4.685632661494224
4.6888276337937445
4.691947032262651
4.6949925423697225
4.697965816916254
4.700868476426874
4.703702109548763
4.706468273458331
4.709168494274535
4.711804267477951
4.7143770583348745
4.7168883023256605
4.719339405576633
4.721731745294881
4.724066670205307
4.726345500989364
4.728569530724885
4.730740025326503
4.732858223986152
4.734925339613199
4.736942559273753
4.738911044628748
4.740831932370426
4.7427063346568525
4.744535339544133
4.746320011416023
4.748061391410647
4.749760497844048
4.751418326630335
4.7530358516981925
4.754614025403545
4.756153778938181
4.757656022734174
4.759121646863924
4.760551521435679
4.761946496984422
4.763307404857982
4.764635057598281
4.765930249317618
4.767193756069917
4.768426336216847
4.769628730788786
4.770801663840549
4.771945842801861
4.773061958822515
4.774150687112226
4.775212687275128
4.776248603638925
4.777259065578683
4.778244687835266
4.779206070828437
4.780143800964599
4.781058450939256
4.781950580034149
4.782820734409139
4.783669447388869
4.784497239744199
4.785304619968504
4.786092084548845
4.786860118232057
4.7876091942858165
4.788339774754739
4.78905231071153
4.789747242503282
4.790424999992939
4.791086002796025
4.791730660512637
4.792359372954832
4.7929725303694095
4.7935705136561895
4.794153694581834
4.794722435989275
4.7952770920028165
4.79581800822898
4.796345521953151
4.796859962332094
4.797361650582407
4.797850900164976
4.7983280169654865
4.798793299471095
4.799247038943266
4.799689519586903
4.800121018715786
4.800541806914423
4.800952148196349
4.801352300158951
4.801742514134885
4.80212303534014
4.802494103018817
4.802855950584683
4.803208805759564
4.803552890708631
4.803888422172655
4.804215611597268
4.804534665259312
4.804845784390312
4.805149165297155
4.805444999480003
4.805733473747526
4.806014770329481
4.806289066986724
4.806556537118665
4.806817349868269
